Label   Inheritance     Total Energy    Obj_0           Obj_1           Operator

3	random        	-78.661834	-13.026766	5.522953e+01	random
9	random        	-78.997777	-13.362709	4.751131e+01	random
1	random        	-79.155646	-13.520578	5.005910e+01	random
2	random        	-78.985372	-13.350304	4.981698e+01	random
4	random        	-78.913207	-13.278139	4.946307e+01	random
10	random        	-76.002643	-13.510875	5.379652e+01	random
8	random        	-75.953037	-13.461269	5.175851e+01	random
6	random        	-78.423432	-12.788364	4.959843e+01	random
5	random        	-75.971716	-13.479948	5.754419e+01	random
15	random        	-79.190008	-13.554940	4.684342e+01	random
7	random        	-76.684086	-14.192318	4.383361e+01	random
12	random        	-79.484259	-13.849191	5.565096e+01	random
17	random        	-78.431684	-12.796616	5.225498e+01	random
19	random        	-78.416758	-12.781690	4.905357e+01	random
16	random        	-79.137542	-13.502474	6.157009e+01	random
14	random        	-79.132739	-13.497671	5.827608e+01	random
20	random        	-79.169622	-13.534554	5.005910e+01	random
11	random        	-79.486715	-13.851647	5.492875e+01	random
18	random        	-79.482159	-13.847091	5.626562e+01	random
13	random        	-79.098792	-13.463724	6.371062e+01	random
22	random        	-79.122280	-13.487212	6.193597e+01	random
21	random        	-79.483892	-13.848824	5.626562e+01	random
23	random        	-79.139549	-13.504481	6.110884e+01	random
26	random        	-79.140074	-13.505006	6.139429e+01	random
25	random        	-78.992145	-13.357077	5.758044e+01	random
28	random        	-78.428747	-12.793679	5.122226e+01	random
27	random        	-79.137453	-13.502385	6.110884e+01	random
24	random        	-79.490610	-13.855542	5.734339e+01	random
31	random        	-76.695866	-14.204098	4.129296e+01	random
32	random        	-75.764196	-13.272428	5.667919e+01	random
29	random        	-76.699257	-14.207489	3.987269e+01	random
35	random        	-79.169512	-13.534444	5.005910e+01	random
30	random        	-79.488469	-13.853401	5.620880e+01	random
34	random        	-79.488907	-13.853839	5.734339e+01	random
33	random        	-79.471525	-13.836457	5.608093e+01	random
36	random        	-79.485950	-13.850882	5.614119e+01	random
37	random        	-79.188652	-13.553584	6.414355e+01	random
38	random        	-79.170530	-13.535462	6.327908e+01	random
41	[31, 25]      	-76.699138	-14.207370	3.997716e+01	fraction_slice
42	[1, 8]        	-79.128781	-13.493713	5.095006e+01	fraction_slice
40	random        	-79.235003	-13.599935	6.305132e+01	random
44	[31]          	-76.700169	-14.208401	4.091837e+01	perturb_sites
39	random        	-79.175315	-13.540247	4.661366e+01	random
51	[31]          	-76.696908	-14.205140	4.072687e+01	perturb_sites
45	[4, 25]       	-80.420464	-14.785396	3.542995e+01	fraction_slice
43	[31, 32]      	-76.135233	-13.643465	4.908992e+01	fraction_slice
47	[4]           	-80.402405	-14.767337	4.710952e+01	perturb_sites
52	[9]           	-81.882217	-13.103849	4.918483e+01	perturb_comp
57	[4, 31]       	-80.429528	-14.794460	3.841683e+01	fraction_slice
50	[1, 7]        	-80.406827	-14.771759	4.619961e+01	fraction_slice
54	[4, 6]        	-80.424152	-14.789084	3.600568e+01	fraction_slice
48	[9]           	-79.476963	-13.841895	5.552734e+01	perturb_sites
53	[12]          	-79.469648	-13.834580	5.563017e+01	perturb_sites
59	[7, 52]       	-80.429070	-14.794002	3.876101e+01	fraction_slice
49	[10]          	-79.033368	-13.398300	6.409800e+01	perturb_comp
58	[4, 31]       	-76.695680	-14.203912	4.129296e+01	fraction_slice
46	[8]           	-72.719515	-7.084447	5.722107e+01	perturb_comp
56	[8]           	-67.970119	-5.478351	6.814030e+01	perturb_comp
55	[31]          	-81.439095	-12.660727	6.046826e+01	perturb_comp
60	[1, 42]       	-76.135795	-13.644027	4.515287e+01	fraction_slice
66	[31]          	-80.428533	-14.793465	3.781058e+01	perturb_comp
69	[45]          	-80.429359	-14.794291	3.841683e+01	perturb_sites
67	[32, 45]      	-76.698369	-14.206601	3.987269e+01	fraction_slice
62	[43, 7]       	-80.429615	-14.794547	3.841683e+01	fraction_slice
68	[1]           	-79.171047	-13.535979	5.010069e+01	perturb_sites
63	[9]           	-79.465106	-13.830038	5.630530e+01	perturb_sites
71	[32, 52]      	-76.697716	-14.205948	4.056180e+01	fraction_slice
64	[42, 45]      	-80.430316	-14.795248	3.781058e+01	fraction_slice
75	[7]           	-76.692061	-14.200293	4.384614e+01	perturb_sites
72	[8]           	-75.977628	-13.485860	4.338286e+01	perturb_sites
65	[45, 4]       	-79.810142	-14.175074	4.655589e+01	fraction_slice
70	[6, 32]       	-75.628216	-13.136448	5.268799e+01	fraction_slice
74	[32]          	-75.769851	-13.278083	5.645318e+01	perturb_sites
79	[25]          	-78.423525	-12.788457	4.833155e+01	perturb_sites
76	[16]          	-79.178780	-13.543712	6.396541e+01	perturb_sites
84	[25]          	-76.692732	-14.200964	4.383384e+01	perturb_comp
73	[42]          	-79.261182	-13.626114	5.111979e+01	perturb_sites
83	[4, 42]       	-79.501043	-13.865975	4.843086e+01	fraction_slice
80	[40, 42]      	-76.671904	-14.180136	4.577226e+01	fraction_slice
78	[43, 7]       	-80.429784	-14.794716	3.841683e+01	fraction_slice
82	[3, 49]       	-79.245299	-13.610231	6.316271e+01	fraction_slice
81	[43, 52]      	-79.500586	-13.865518	4.490785e+01	fraction_slice
92	[31]          	-76.691996	-14.200228	4.182532e+01	perturb_sites
90	[52, 40]      	-81.349609	-12.571241	5.312126e+01	fraction_slice
89	[8]           	-76.231318	-13.739550	5.150801e+01	perturb_sites
85	[42, 45]      	-80.428597	-14.793529	3.781058e+01	fraction_slice
87	[13]          	-79.443819	-13.808751	5.089264e+01	perturb_sites
94	[4, 31]       	-76.695664	-14.203896	4.129296e+01	fraction_slice
88	[6]           	-80.425708	-14.790640	3.742191e+01	perturb_sites
91	[1]           	-76.723420	-14.231652	4.493081e+01	perturb_comp
95	[10]          	-76.724656	-14.232888	4.493081e+01	perturb_comp
98	[9]           	-78.998403	-13.363335	4.758359e+01	perturb_sites
93	[9, 32]       	-75.767965	-13.276197	5.560618e+01	fraction_slice
102	[7]           	-76.665645	-14.173877	4.391230e+01	perturb_sites
97	[10, 31]      	-80.429919	-14.794851	3.781058e+01	fraction_slice
100	[8]           	-80.405920	-14.770852	4.676274e+01	perturb_comp
101	[42, 9]       	-76.090950	-13.599182	4.379921e+01	fraction_slice
103	[45, 22]      	-79.492782	-13.857714	4.681334e+01	fraction_slice
96	[8]           	-76.114544	-13.622776	4.963137e+01	perturb_comp
106	[9, 8]        	-78.986643	-13.351575	4.981698e+01	fraction_slice
105	[22, 52]      	-79.268910	-13.633842	5.075532e+01	fraction_slice
110	[7]           	-76.692512	-14.200744	4.445261e+01	perturb_sites
107	[70, 72]      	-79.490551	-13.855483	4.328533e+01	fraction_slice
99	[40]          	-79.149121	-13.514053	6.025093e+01	perturb_sites
113	[83]          	-79.505342	-13.870274	4.740388e+01	perturb_sites
86	[4]           	-74.252449	-5.474081	5.823832e+01	perturb_comp
111	[13]          	-80.430489	-14.795421	3.837927e+01	perturb_sites
117	[72]          	-76.232397	-13.740629	4.268621e+01	perturb_sites
115	[72, 1]       	-76.674837	-14.183069	4.678032e+01	fraction_slice
108	[13, 83]      	-79.223767	-13.588699	5.605080e+01	fraction_slice
109	[40, 1]       	-79.402586	-13.767518	5.371225e+01	fraction_slice
114	[10]          	-75.957422	-13.465654	5.402655e+01	perturb_sites
116	[32, 82]      	-76.222592	-13.730824	5.139965e+01	fraction_slice
126	[7, 45]       	-76.696457	-14.204689	4.136065e+01	fraction_slice
118	[70]          	-79.234811	-13.599743	4.852412e+01	perturb_comp
123	[40, 7]       	-76.113995	-13.622227	5.180920e+01	fraction_slice
119	[22, 6]       	-79.069925	-13.434857	5.300674e+01	fraction_slice
122	[72]          	-81.986405	-13.208037	5.454353e+01	perturb_comp
120	[43, 1]       	-76.681557	-14.189789	4.542100e+01	fraction_slice
112	[55, 3]       	-77.083946	-11.448878	5.344726e+01	fraction_slice
128	[73]          	-76.692849	-14.201081	4.383384e+01	perturb_comp
132	[13, 1]       	-76.693443	-14.201675	4.445261e+01	fraction_slice
124	[32, 52]      	-75.553091	-13.061323	5.935098e+01	fraction_slice
121	[70]          	-79.794749	-14.159681	4.001876e+01	perturb_sites
129	[25, 16]      	-78.832991	-13.197923	5.513746e+01	fraction_slice
125	[1]           	-79.500374	-13.865306	4.590462e+01	perturb_sites
131	[43, 16]      	-79.147262	-13.512194	5.285598e+01	fraction_slice
130	[16, 42]      	-79.133337	-13.498269	4.884425e+01	fraction_slice
135	[3]           	-79.130425	-13.495357	6.009594e+01	perturb_sites
138	[70, 6]       	-76.684934	-14.193166	4.628308e+01	fraction_slice
137	[82, 9]       	-81.932147	-13.153779	5.201386e+01	fraction_slice
140	[73, 43]      	-79.501303	-13.866235	4.522186e+01	fraction_slice
139	[9, 82]       	-79.486257	-13.851189	5.626562e+01	fraction_slice
141	[16, 3]       	-79.149538	-13.514470	6.202911e+01	fraction_slice
143	[73]          	-80.425627	-14.790559	4.053439e+01	perturb_comp
145	[72]          	-76.228426	-13.736658	4.248044e+01	perturb_sites
148	[7]           	-76.690063	-14.198295	4.497703e+01	perturb_sites
133	[6, 1]        	-80.408304	-14.773236	4.383431e+01	fraction_slice
146	[32]          	-75.711237	-13.219469	5.450341e+01	perturb_sites
144	[6, 43]       	-74.495814	-12.004046	5.538610e+01	fraction_slice
154	[70, 43]      	-79.478678	-13.843610	4.429568e+01	fraction_slice
149	[52, 73]      	-81.388422	-12.610054	7.656910e+01	fraction_slice
152	[13, 8]       	-79.464473	-13.829405	4.839424e+01	fraction_slice
150	[45, 12]      	-81.974247	-13.195879	5.148894e+01	fraction_slice
155	[43]          	-80.406740	-14.771672	4.577267e+01	perturb_comp
159	[72]          	-78.752968	-9.974600	4.806708e+01	perturb_comp
136	[55, 49]      	-81.856811	-13.078443	5.906534e+01	fraction_slice
151	[40, 52]      	-78.946329	-13.311261	5.172828e+01	fraction_slice
153	[52, 40]      	-82.046485	-13.268117	4.765221e+01	fraction_slice
158	[42, 40]      	-79.433197	-13.798129	4.720700e+01	fraction_slice
156	[32, 6]       	-76.699357	-14.207589	3.987269e+01	fraction_slice
157	[10]          	-75.919089	-13.427321	5.643050e+01	perturb_sites
164	[13, 65]      	-79.447152	-13.812084	4.969965e+01	fraction_slice
160	[82]          	-79.247721	-13.612653	6.556449e+01	perturb_sites
165	[12, 45]      	-76.682773	-14.191005	4.245250e+01	fraction_slice
170	[83, 40]      	-79.430781	-13.795713	4.567146e+01	fraction_slice
166	[6, 82]       	-79.015131	-13.380063	6.098750e+01	fraction_slice
161	[25]          	-81.925676	-13.147308	4.835528e+01	perturb_comp
167	[72, 42]      	-76.673977	-14.182209	4.613805e+01	fraction_slice
162	[82, 65]      	-79.225119	-13.590051	5.317839e+01	fraction_slice
172	[72]          	-76.231055	-13.739287	4.336324e+01	perturb_sites
169	[43, 72]      	-76.686422	-14.194654	4.141997e+01	fraction_slice
173	[12]          	-79.152641	-13.517573	4.882139e+01	perturb_comp
163	[42, 32]      	-77.371055	-11.735987	5.290232e+01	fraction_slice
171	[8]           	-76.224325	-13.732557	4.248044e+01	perturb_sites
174	[72, 22]      	-75.880865	-13.389097	6.158517e+01	fraction_slice
175	[22, 6]       	-78.988507	-13.353439	6.029247e+01	fraction_slice
176	[13, 72]      	-79.154568	-13.519500	5.016731e+01	fraction_slice
179	[40, 49]      	-79.484533	-13.849465	5.078942e+01	fraction_slice
168	[6]           	-73.156446	-7.521378	5.173844e+01	perturb_comp
177	[12]          	-79.481682	-13.846614	5.626562e+01	perturb_sites
184	[83]          	-79.503969	-13.868901	4.682874e+01	perturb_sites
188	[65, 45]      	-80.426017	-14.790949	3.781058e+01	fraction_slice
186	[65, 40]      	-79.421985	-13.786917	4.696620e+01	fraction_slice
185	[10]          	-80.408533	-14.773465	4.420021e+01	perturb_comp
178	[10, 83]      	-82.011641	-13.233273	5.191587e+01	fraction_slice
182	[55, 10]      	-79.371273	-13.736205	4.219056e+01	fraction_slice
183	[70, 12]      	-79.004186	-13.369118	6.037989e+01	fraction_slice
193	[70]          	-76.693644	-14.201876	4.383384e+01	perturb_sites
191	[7]           	-76.663175	-14.171407	4.319126e+01	perturb_comp
180	[73]          	-82.106718	-13.328350	5.594693e+01	perturb_comp
189	[16, 82]      	-79.250194	-13.615126	6.455951e+01	fraction_slice
187	[55]          	-81.876769	-13.098401	5.032453e+01	perturb_comp
181	[45, 4]       	-79.807192	-14.172124	4.539540e+01	fraction_slice
196	[43, 83]      	-76.222032	-13.730264	5.323934e+01	fraction_slice
199	[70, 13]      	-76.170331	-13.678563	5.071340e+01	fraction_slice
194	[10]          	-76.002976	-13.511208	5.392865e+01	perturb_sites
200	[22, 83]      	-79.125792	-13.490724	5.217124e+01	fraction_slice
202	[16]          	-78.928674	-13.293606	5.454976e+01	perturb_sites
195	[73, 13]      	-79.458011	-13.822943	4.625389e+01	fraction_slice
197	[83, 49]      	-81.873717	-13.095349	5.580858e+01	fraction_slice
190	[83]          	-78.708427	-9.930059	6.586572e+01	perturb_comp
203	[22]          	-76.137612	-13.645844	4.499909e+01	perturb_comp
208	[55, 65]      	-76.677977	-14.186209	4.705815e+01	fraction_slice
209	[55, 73]      	-76.223840	-13.732072	5.225569e+01	fraction_slice
207	[49, 13]      	-80.407102	-14.772034	4.357709e+01	fraction_slice
201	[22]          	-79.536831	-10.758463	5.806805e+01	perturb_comp
204	[25]          	-79.470684	-13.835616	5.335192e+01	perturb_comp
205	[52, 25]      	-81.213125	-12.434757	5.489730e+01	fraction_slice
212	[22]          	-79.037517	-13.402449	5.593135e+01	perturb_sites
198	[52]          	-82.308503	-13.530135	5.729552e+01	perturb_comp
206	[25]          	-79.096321	-13.461253	6.415680e+01	perturb_sites
210	[65, 25]      	-80.423861	-14.788793	3.600568e+01	fraction_slice
213	[12]          	-79.484607	-13.849539	4.233568e+01	perturb_comp
211	[10]          	-75.952635	-13.460867	5.356525e+01	perturb_sites
218	[22]          	-79.039963	-13.404895	5.504158e+01	perturb_sites
214	[16]          	-79.164500	-13.529432	6.167202e+01	perturb_sites
216	[82]          	-79.186673	-13.551605	6.290907e+01	perturb_sites
217	[12]          	-75.534348	-13.042580	5.503285e+01	perturb_comp
215	[55, 3]       	-76.990907	-11.355839	5.284254e+01	fraction_slice
